0.409014078258 1.0953734922 1.17821263287 2.60904803171 2.39157415909 2.5383383876 2.7463933285 3.14258882231 3.05152491598 4.39638033589 3.14805061221 3.15420093301 5.50241775683 6.83906846267 6.83928577182 5.08912907299 4.69584605401 4.91561108903 2.76697576881 2.53075456797 4.4419621721 3.92393312054 5.6686102936 3.08085480414 3.84120953355 3.11626506348 1.22709210311 1.44349940775 1.5882014202 5.66859562111 6.83906846267 6.83863417033 6.83885126222 6.83885126222 6.83863417033 6.83863417033 6.83885126222 6.83885126222 2.67652047787 2.38986561175
1.0953734922 0.72034141329 1.02620153531 0.826262730211 0.634335146938 0.56369470751 0.772052231832 2.35467049804 2.52810934715 3.34569330269 3.21528846559 2.52928304888 2.58019426673 2.60134932601 3.78214515653 3.42006022868 3.0254305519 2.9461068268 0.792347005908 0.5560964724 2.19736189235 2.58718801287 4.76588766188 3.58479428792 3.78478274744 3.05842556707 1.18770280127 1.34005310666 1.53840296129 6.84037395155 6.84059191507 6.84015609737 6.84037395155 6.84037395155 6.84015609737 6.84015609737 6.84037395155 6.84037395155 2.79612105731 2.713070904
1.17821263287 1.02620153531 0.534297049012 1.23505477735 1.42747229094 1.38201140546 1.59244538378 3.12602324339 3.62683112686 3.66526494396 2.8995883644 1.58635451414 1.58541727827 1.60744987748 2.77933994826 3.1168332796 3.83226509509 3.76411536433 1.61066281437 1.37442725569 3.28723744729 4.47959728058 3.33900628219 2.33638836946 2.72443374224 2.09647679306 0.945713063834 1.66492919627 2.02678177471 6.84015609737 6.84037395155 6.83993835241 6.84015609737 6.84015609737 6.83993835241 6.83993835241 6.84015609737 6.84015609737 3.37661023321 3.2342323979
2.60904803171 0.826262730211 1.23505477735 0.494853083061 0.36267394487 0.304434955341 0.514720145366 2.56461915118 3.3956266363 3.51125447684 3.80648200871 2.97341639123 2.97300811284 3.00343375896 2.30294119403 2.26161310652 2.41419339851 2.39082586274 0.531925639753 0.296904701467 2.20985414699 5.66866898852 4.1928492961 3.1896790374 3.35542782193 2.95580440942 1.74792922833 2.51115574184 2.66112520992 5.66866898852 6.84015609737 6.83972071658 6.83993835241 6.83993835241 6.83972071658 6.83972071658 6.83993835241 6.83993835241 2.84341581964 3.250160556
2.39157415909 0.634335146938 1.42747229094 0.36267394487 0.172762775069 0.104089612821 0.314416384353 2.38351800378 3.90259743903 4.29978730748 4.58262963341 4.59956702115 5.03885584588 5.66869833895 4.91563441105 2.60343549201 1.75491214445 1.6106273766 0.324431829878 0.0966092958815 2.00966341791 5.2115224962 5.9414223139 4.69585386527 4.02162535171 4.22809542274 2.31318082472 2.56255239229 2.56096915649 4.76588399061 6.84037395155 6.83993835241 6.84015609737 6.84015609737 6.83993835241 6.83993835241 6.84015609737 6.84015609737 3.96200771549 3.89913988476
2.5383383876 0.56369470751 1.38201140546 0.304434955341 0.104089612821 0.0308117725527 0.241572853044 2.31488124655 4.69585074075 6.84015609737 6.83972071658 6.83972071658 6.83993835241 5.50243777197 3.04763060958 2.66855212009 2.15322979769 2.01520491696 0.257611838248 0.0233285738258 1.93629470203 6.83950318975 6.83972071658 6.83972071658 6.83972071658 6.83993835241 6.83950318975 6.84080998804 3.33617165747 5.08913293694 6.83972071658 6.83928577182 6.83950318975 6.83950318975 6.83928577182 6.83928577182 6.83950318975 6.83950318975 6.84015609737 6.83906846267
2.7463933285 0.772052231832 1.59244538378 0.514720145366 0.314416384353 0.241572853044 0.362653924399 0.596493283008 0.710363678921 3.23872418295 5.14603274907 5.38252948058 5.50245778804 5.50244777989 3.0476306447 2.85383582875 2.60518162613 2.47598343535 0.469776776009 0.233432901343 0.55329425763 0.643653607886 2.95541226424 6.83993835241 6.83993835241 6.84015609737 5.2115122527 4.59957077599 3.85967533084 5.66865431404 6.83993835241 6.83950318975 6.83972071658 6.83972071658 6.83950318975 6.83950318975 6.83972071658 6.83972071658 4.67481285866 4.47959348257
3.14258882231 2.35467049804 3.12602324339 2.56461915118 2.38351800378 2.31488124655 0.596493283008 0.0931103187581 0.198024147728 2.13525178221 2.26376005703 3.63238325074 5.08914066495 5.66865431404 6.83993835241 5.21151737442 4.50662638323 4.69584605401 2.54468488618 2.11878700379 0.054183680179 0.132751534322 2.02282738936 2.34112531543 2.97587427385 3.00387168105 3.10950678951 3.21886801974 3.56044785804 6.83950318975 6.83972071658 6.83928577182 6.83950318975 6.83950318975 6.83928577182 6.83928577182 6.83950318975 6.83950318975 4.25850652263 4.14786517365
3.05152491598 2.52810934715 3.62683112686 3.3956266363 3.90259743903 4.69585074075 0.710363678921 0.198024147728 0.277617357883 1.50976717217 1.53587481886 2.66352001995 2.99778018752 3.00916186728 4.14180548863 4.17299827462 4.31746205099 6.83950318975 5.38252188735 2.67838028618 0.163779451417 0.238620560973 1.46537163787 1.62921544802 2.84767612914 2.98500770912 2.94918649192 2.90062358814 3.15544178859 5.66865431404 6.83993835241 6.83950318975 6.83972071658 6.83972071658 6.83950318975 6.83950318975 6.83972071658 6.83972071658 3.4508282796 3.62499510772
4.39638033589 3.34569330269 3.66526494396 3.51125447684 4.29978730748 6.84015609737 3.23872418295 2.13525178221 1.50976717217 0.0826764328078 0.0847380794166 1.46124468216 3.00125062157 3.01049457656 4.22081332704 4.49290305877 4.74126553687 6.83972071658 6.83993835241 5.2115122527 2.70595170614 0.799335594075 0.0493132973859 0.179722383387 1.8957215431 2.73894946631 2.9284416315 2.88769058353 3.61058679771 6.83993835241 6.84015609737 6.83972071658 6.83993835241 6.83993835241 6.83972071658 6.83972071658 6.83993835241 6.83993835241 3.44595058172 3.86920962781
3.14805061221 3.21528846559 2.8995883644 3.80648200871 4.58262963341 6.83972071658 5.14603274907 2.26376005703 1.53587481886 0.0847380794166 0.0856273672516 1.1617507345 1.46383996306 1.47919586092 2.66653227793 3.15111506365 5.14603274907 6.83928577182 6.83950318975 6.83928577182 6.83972071658 0.805283090465 0.0507650247609 0.181185787461 1.89709002686 2.73871141586 2.79802614709 3.22684834111 3.20472354163 6.83950318975 6.83972071658 6.83928577182 6.83950318975 6.83950318975 6.83928577182 6.83928577182 6.83950318975 6.83950318975 3.71864689134 3.82349822458
3.15420093301 2.52928304888 1.58635451414 2.97341639123 4.59956702115 6.83972071658 5.38252948058 3.63238325074 2.66352001995 1.46124468216 1.1617507345 0.0878577890175 0.104773963377 0.121099217491 1.30384331896 1.78909800909 5.38252948058 6.83928577182 6.83950318975 6.83928577182 6.83972071658 2.19368319934 1.43922783633 1.56939924405 3.27643428478 3.99506612475 2.28583450255 3.54646977186 2.07873097791 6.83950318975 6.83972071658 6.83928577182 6.83950318975 6.83950318975 6.83928577182 6.83928577182 6.83950318975 6.83950318975 2.96975536595 2.71419383404
5.50241775683 2.58019426673 1.58541727827 2.97300811284 5.03885584588 6.83993835241 5.50245778804 5.08914066495 2.99778018752 3.00125062157 1.46383996306 0.104773963377 0.116851015326 0.132119398042 1.32143436668 1.80763237273 5.50245778804 6.83950318975 6.83972071658 6.83950318975 6.83993835241 6.83972071658 5.50244777989 4.50662638323 4.84941901686 4.28280022074 2.30971116657 5.08915998558 2.1085746895 6.83972071658 6.83993835241 6.83950318975 6.83972071658 6.83972071658 6.83950318975 6.83950318975 6.83972071658 6.83972071658 2.95189936436 2.70112401307
6.83906846267 2.60134932601 1.60744987748 3.00343375896 5.66869833895 5.50243777197 5.50244777989 5.66865431404 3.00916186728 3.01049457656 1.47919586092 0.121099217491 0.132119398042 0.147006788469 1.31140962481 1.75689260607 6.83993835241 6.83928577182 6.83950318975 6.83928577182 6.83972071658 6.83950318975 5.66865431404 4.6958491785 5.08913680093 4.46668707136 2.34179262614 4.84942791674 2.12511280471 6.83950318975 6.83972071658 6.83928577182 6.83950318975 6.83950318975 6.83928577182 6.83928577182 6.83950318975 6.83950318975 2.951510756 2.70994181387
6.83928577182 3.78214515653 2.77933994826 2.30294119403 4.91563441105 3.04763060958 3.0476306447 6.83993835241 4.14180548863 4.22081332704 2.66653227793 1.30384331896 1.32143436668 1.31140962481 0.0931452985932 0.182402900116 6.84015609737 6.83950318975 6.83972071658 6.83950318975 6.83993835241 6.83972071658 6.83993835241 6.83993835241 6.83993835241 6.84015609737 3.54342307095 4.76589133319 2.49592615399 6.83972071658 6.83993835241 6.83950318975 6.83972071658 6.83972071658 6.83950318975 6.83950318975 6.83972071658 6.83972071658 4.24303483814 3.95022960412
5.08912907299 3.42006022868 3.1168332796 2.26161310652 2.60343549201 2.66855212009 2.85383582875 5.21151737442 4.17299827462 4.49290305877 3.15111506365 1.78909800909 1.80763237273 1.75689260607 0.182402900116 0.261155900697 1.13538403573 1.12851663527 1.49473461701 2.78064825053 4.9156266369 6.83972071658 6.83993835241 6.83993835241 6.83993835241 6.84015609737 3.96600368726 4.35513498534 2.57461396704 4.56632460201 6.83993835241 6.83950318975 6.83972071658 6.83972071658 6.83950318975 6.83950318975 6.83972071658 6.83972071658 4.40733879612 4.34540109898
4.69584605401 3.0254305519 3.83226509509 2.41419339851 1.75491214445 2.15322979769 2.60518162613 4.50662638323 4.31746205099 4.74126553687 5.14603274907 5.38252948058 5.50245778804 6.83993835241 6.84015609737 1.13538403573 0.254536380926 0.173725118982 0.538852229993 2.04000695646 4.44196565487 6.83972071658 6.83993835241 6.83993835241 6.83993835241 6.84015609737 5.2115122527 4.59957077599 3.90608147352 5.66865431404 6.83993835241 6.83950318975 6.83972071658 6.83972071658 6.83950318975 6.83950318975 6.83972071658 6.83972071658 4.67481285866 4.47959348257
4.91561108903 2.9461068268 3.76411536433 2.39082586274 1.6106273766 2.01520491696 2.47598343535 4.69584605401 6.83950318975 6.83972071658 6.83928577182 6.83928577182 6.83950318975 6.83928577182 6.83950318975 1.12851663527 0.173725118982 0.0297249846481 0.390347969316 1.89887552342 4.31745943629 6.83906846267 6.83928577182 6.83928577182 6.83928577182 6.83950318975 6.83906846267 6.84037395155 6.83972071658 6.83906846267 6.83928577182 6.83885126222 6.83906846267 6.83906846267 6.83885126222 6.83885126222 6.83906846267 6.83906846267 6.83972071658 6.83863417033
2.76697576881 0.792347005908 1.61066281437 0.531925639753 0.324431829878 0.257611838248 0.469776776009 2.54468488618 5.38252188735 6.83993835241 6.83950318975 6.83950318975 6.83972071658 6.83950318975 6.83972071658 1.49473461701 0.538852229993 0.390347969316 0.300591462865 0.249100010689 2.16494339604 6.83928577182 6.83950318975 6.83950318975 6.83950318975 6.83972071658 6.83928577182 6.84059191507 5.66866898852 6.83928577182 6.83950318975 6.83906846267 6.83928577182 6.83928577182 6.83906846267 6.83906846267 6.83928577182 6.83928577182 6.83993835241 6.83885126222
2.53075456797 0.5560964724 1.37442725569 0.296904701467 0.0966092958815 0.0233285738258 0.233432901343 2.11878700379 2.67838028618 5.2115122527 6.83928577182 6.83928577182 6.83950318975 6.83928577182 6.83950318975 2.78064825053 2.04000695646 1.89887552342 0.249100010689 0.0157388100164 1.83162480605 2.60904800613 4.91561886289 6.83928577182 6.83928577182 6.83950318975 6.83906846267 6.84037395155 5.50243777197 6.83906846267 6.83928577182 6.83885126222 6.83906846267 6.83906846267 6.83885126222 6.83885126222 6.83906846267 6.83906846267 6.83972071658 6.83863417033
4.4419621721 2.19736189235 3.28723744729 2.20985414699 2.00966341791 1.93629470203 0.55329425763 0.054183680179 0.163779451417 2.70595170614 6.83972071658 6.83972071658 6.83993835241 6.83972071658 6.83993835241 4.9156266369 4.44196565487 4.31745943629 2.16494339604 1.83162480605 0.0139520464373 0.0931964278053 2.40493763704 6.83972071658 6.83972071658 6.83993835241 6.83950318975 6.84080998804 6.84015609737 6.83950318975 6.83972071658 6.83928577182 6.83950318975 6.83950318975 6.83928577182 6.83928577182 6.83950318975 6.83950318975 6.84015609737 6.83906846267
3.92393312054 2.58718801287 4.47959728058 5.66866898852 5.2115224962 6.83950318975 0.643653607886 0.132751534322 0.238620560973 0.799335594075 0.805283090465 2.19368319934 6.83972071658 6.83950318975 6.83972071658 6.83972071658 6.83972071658 6.83906846267 6.83928577182 2.60904800613 0.0931964278053 0.153460574786 0.761097004084 0.899823807912 2.61562933458 3.45328760374 3.22684796971 3.58312805187 3.67749051873 6.83928577182 6.83950318975 6.83906846267 6.83928577182 6.83928577182 6.83906846267 6.83906846267 6.83928577182 6.83928577182 5.66866898852 5.03882831419
5.6686102936 4.76588766188 3.33900628219 4.1928492961 5.9414223139 6.83972071658 2.95541226424 2.02282738936 1.46537163787 0.0493132973859 0.0507650247609 1.43922783633 5.50244777989 5.66865431404 6.83993835241 6.83993835241 6.83993835241 6.83928577182 6.83950318975 4.91561886289 2.40493763704 0.761097004084 0.0148759676128 0.14516048228 1.83153640519 2.53178773774 2.8982118935 5.94147731618 6.84015609737 6.83950318975 6.83972071658 6.83928577182 6.83950318975 6.83950318975 6.83928577182 6.83928577182 6.83950318975 6.83950318975 6.84015609737 6.83906846267
3.08085480414 3.58479428792 2.33638836946 3.1896790374 4.69585386527 6.83972071658 6.83993835241 2.34112531543 1.62921544802 0.179722383387 0.181185787461 1.56939924405 4.50662638323 4.6958491785 6.83993835241 6.83993835241 6.83993835241 6.83928577182 6.83950318975 6.83928577182 6.83972071658 0.899823807912 0.14516048228 0.246393347491 0.735523450598 0.763017857479 1.71352651156 3.5668082428 3.67337691948 6.83950318975 6.83972071658 6.83928577182 6.83950318975 6.83950318975 6.83928577182 6.83928577182 6.83950318975 6.83950318975 5.28866594295 4.84941011715
3.84120953355 3.78478274744 2.72443374224 3.35542782193 4.02162535171 6.83972071658 6.83993835241 2.97587427385 2.84767612914 1.8957215431 1.89709002686 3.27643428478 4.84941901686 5.08913680093 6.83993835241 6.83993835241 6.83993835241 6.83928577182 6.83950318975 6.83928577182 6.83972071658 2.61562933458 1.83153640519 0.735523450598 0.0281429757765 0.0340735177563 1.04798119355 3.42581035985 3.63052473459 6.83950318975 6.83972071658 6.83928577182 6.83950318975 6.83950318975 6.83928577182 6.83928577182 6.83950318975 6.83950318975 5.66868366349 5.03883175555
3.11626506348 3.05842556707 2.09647679306 2.95580440942 4.22809542274 6.83993835241 6.84015609737 3.00387168105 2.98500770912 2.73894946631 2.73871141586 3.99506612475 4.28280022074 4.46668707136 6.84015609737 6.84015609737 6.84015609737 6.83950318975 6.83972071658 6.83950318975 6.83993835241 3.45328760374 2.53178773774 0.763017857479 0.0340735177563 0.0398047772883 1.0285419722 2.63337205141 2.85074509196 5.94133982354 6.83993835241 6.83950318975 6.83972071658 6.83972071658 6.83950318975 6.83950318975 6.83972071658 6.83972071658 4.91563181965 4.24303208452
1.22709210311 1.18770280127 0.945713063834 1.74792922833 2.31318082472 6.83950318975 5.2115122527 3.10950678951 2.94918649192 2.9284416315 2.79802614709 2.28583450255 2.30971116657 2.34179262614 3.54342307095 3.96600368726 5.2115122527 6.83906846267 6.83928577182 6.83906846267 6.83950318975 3.22684796971 2.8982118935 1.71352651156 1.04798119355 1.0285419722 0.619444461444 0.855265947641 1.02855124835 3.01586642951 3.00299615125 3.0003802286 3.00038026009 3.05446881501 4.55060963573 5.94125734884 6.83928577182 6.83928577182 3.03099157214 2.39479579654
1.44349940775 1.34005310666 1.66492919627 2.51115574184 2.56255239229 6.84080998804 4.59957077599 3.21886801974 2.90062358814 2.88769058353 3.22684834111 3.54646977186 5.08915998558 4.84942791674 4.76589133319 4.35513498534 4.59957077599 6.84037395155 6.84059191507 6.84037395155 6.84080998804 3.58312805187 5.94147731618 3.5668082428 3.42581035985 2.63337205141 0.855265947641 0.608482310149 1.04580891253 2.69721375826 2.73116304148 2.71307093651 2.70772063085 2.76142460438 4.25850709333 5.66869833895 6.84059191507 6.84059191507 3.09091065486 2.46393726767
1.5882014202 1.53840296129 2.02678177471 2.66112520992 2.56096915649 3.33617165747 3.85967533084 3.56044785804 3.15544178859 3.61058679771 3.20472354163 2.07873097791 2.1085746895 2.12511280471 2.49592615399 2.57461396704 3.90608147352 6.83972071658 5.66866898852 5.50243777197 6.84015609737 3.67749051873 6.84015609737 3.67337691948 3.63052473459 2.85074509196 1.02855124835 1.04580891253 0.782061361625 0.808336543417 0.846513505305 0.824409487164 0.817713482141 0.871324683943 2.36946440712 3.80648160561 6.83993835241 6.83993835241 3.1498868915 2.66612940515
5.66859562111 6.84037395155 6.84015609737 5.66866898852 4.76588399061 5.08913293694 5.66865431404 6.83950318975 5.66865431404 6.83993835241 6.83950318975 6.83950318975 6.83972071658 6.83950318975 6.83972071658 4.56632460201 5.66865431404 6.83906846267 6.83928577182 6.83906846267 6.83950318975 6.83928577182 6.83950318975 6.83950318975 6.83950318975 5.94133982354 3.01586642951 2.69721375826 0.808336543417 0.0566936900609 0.0902702353222 0.0561319094399 0.0454959630297 0.0988250078709 1.59688567818 3.02866563011 6.83928577182 6.83928577182 6.83993835241 6.83885126222
6.83906846267 6.84059191507 6.84037395155 6.84015609737 6.84037395155 6.83972071658 6.83993835241 6.83972071658 6.83993835241 6.84015609737 6.83972071658 6.83972071658 6.83993835241 6.83972071658 6.83993835241 6.83993835241 6.83993835241 6.83928577182 6.83950318975 6.83928577182 6.83972071658 6.83950318975 6.83972071658 6.83972071658 6.83972071658 6.83993835241 3.00299615125 2.73116304148 0.846513505305 0.0902702353222 0.117391866142 0.0874831307866 0.0782150051063 0.131641635357 1.62973353747 3.06342217266 6.83950318975 6.83950318975 6.84015609737 6.83906846267
6.83863417033 6.84015609737 6.83993835241 6.83972071658 6.83993835241 6.83928577182 6.83950318975 6.83928577182 6.83950318975 6.83972071658 6.83928577182 6.83928577182 6.83950318975 6.83928577182 6.83950318975 6.83950318975 6.83950318975 6.83885126222 6.83906846267 6.83885126222 6.83928577182 6.83906846267 6.83928577182 6.83928577182 6.83928577182 6.83950318975 3.0003802286 2.71307093651 0.824409487164 0.0561319094399 0.0874831307866 0.0546316249927 0.0444108122028 0.0977695847504 1.59583983004 3.0282019261 6.83906846267 6.83906846267 6.83972071658 6.83863417033
6.83885126222 6.84037395155 6.84015609737 6.83993835241 6.84015609737 6.83950318975 6.83972071658 6.83950318975 6.83972071658 6.83993835241 6.83950318975 6.83950318975 6.83972071658 6.83950318975 6.83972071658 6.83972071658 6.83972071658 6.83906846267 6.83928577182 6.83906846267 6.83950318975 6.83928577182 6.83950318975 6.83950318975 6.83950318975 6.83972071658 3.00038026009 2.70772063085 0.817713482141 0.0454959630297 0.0782150051063 0.0444108122028 0.033883318289 0.087220265937 1.58528354374 3.01721983941 6.83928577182 6.83928577182 6.83993835241 6.83885126222
6.83885126222 6.84037395155 6.84015609737 6.83993835241 6.84015609737 6.83950318975 6.83972071658 6.83950318975 6.83972071658 6.83993835241 6.83950318975 6.83950318975 6.83972071658 6.83950318975 6.83972071658 6.83972071658 6.83972071658 6.83906846267 6.83928577182 6.83906846267 6.83950318975 6.83928577182 6.83950318975 6.83950318975 6.83950318975 6.83972071658 3.05446881501 2.76142460438 0.871324683943 0.0988250078709 0.131641635357 0.0977695847504 0.087220265937 0.136459132827 1.08614640258 1.21275977882 2.20321623455 4.21364926524 3.44232759968 3.73721378602
6.83863417033 6.84015609737 6.83993835241 6.83972071658 6.83993835241 6.83928577182 6.83950318975 6.83928577182 6.83950318975 6.83972071658 6.83928577182 6.83928577182 6.83950318975 6.83928577182 6.83950318975 6.83950318975 6.83950318975 6.83885126222 6.83906846267 6.83885126222 6.83928577182 6.83906846267 6.83928577182 6.83928577182 6.83928577182 6.83950318975 4.55060963573 4.25850709333 2.36946440712 1.59688567818 1.62973353747 1.59583983004 1.58528354374 1.08614640258 0.0715615485084 0.0620887086083 1.04004649303 3.03662472433 2.33272905207 2.55954907906
6.83863417033 6.84015609737 6.83993835241 6.83972071658 6.83993835241 6.83928577182 6.83950318975 6.83928577182 6.83950318975 6.83972071658 6.83928577182 6.83928577182 6.83950318975 6.83928577182 6.83950318975 6.83950318975 6.83950318975 6.83885126222 6.83906846267 6.83885126222 6.83928577182 6.83906846267 6.83928577182 6.83928577182 6.83928577182 6.83950318975 5.94125734884 5.66869833895 3.80648160561 3.02866563011 3.06342217266 3.0282019261 3.01721983941 1.21275977882 0.0620887086083 0.052263254003 1.01950925212 2.42538199107 2.17665546051 2.25813688168
6.83885126222 6.84037395155 6.84015609737 6.83993835241 6.84015609737 6.83950318975 6.83972071658 6.83950318975 6.83972071658 6.83993835241 6.83950318975 6.83950318975 6.83972071658 6.83950318975 6.83972071658 6.83972071658 6.83972071658 6.83906846267 6.83928577182 6.83906846267 6.83950318975 6.83928577182 6.83950318975 6.83950318975 6.83950318975 6.83972071658 6.83928577182 6.84059191507 6.83993835241 6.83928577182 6.83950318975 6.83906846267 6.83928577182 2.20321623455 1.04004649303 1.01950925212 0.255253370757 0.175546261155 0.366344191084 0.192635943218
6.83885126222 6.84037395155 6.84015609737 6.83993835241 6.84015609737 6.83950318975 6.83972071658 6.83950318975 6.83972071658 6.83993835241 6.83950318975 6.83950318975 6.83972071658 6.83950318975 6.83972071658 6.83972071658 6.83972071658 6.83906846267 6.83928577182 6.83906846267 6.83950318975 6.83928577182 6.83950318975 6.83950318975 6.83950318975 6.83972071658 6.83928577182 6.84059191507 6.83993835241 6.83928577182 6.83950318975 6.83906846267 6.83928577182 4.21364926524 3.03662472433 2.42538199107 0.175546261155 0.0788285002373 0.311549579351 0.0941501503309
2.67652047787 2.79612105731 3.37661023321 2.84341581964 3.96200771549 6.84015609737 4.67481285866 4.25850652263 3.4508282796 3.44595058172 3.71864689134 2.96975536595 2.95189936436 2.951510756 4.24303483814 4.40733879612 4.67481285866 6.83972071658 6.83993835241 6.83972071658 6.84015609737 5.66866898852 6.84015609737 5.28866594295 5.66868366349 4.91563181965 3.03099157214 3.09091065486 3.1498868915 6.83993835241 6.84015609737 6.83972071658 6.83993835241 3.44232759968 2.33272905207 2.17665546051 0.366344191084 0.311549579351 0.37859335412 0.335282919637
2.38986561175 2.713070904 3.2342323979 3.250160556 3.89913988476 6.83906846267 4.47959348257 4.14786517365 3.62499510772 3.86920962781 3.82349822458 2.71419383404 2.70112401307 2.70994181387 3.95022960412 4.34540109898 4.47959348257 6.83863417033 6.83885126222 6.83863417033 6.83906846267 5.03882831419 6.83906846267 4.84941011715 5.03883175555 4.24303208452 2.39479579654 2.46393726767 2.66612940515 6.83885126222 6.83906846267 6.83863417033 6.83885126222 3.73721378602 2.55954907906 2.25813688168 0.192635943218 0.0941501503309 0.335282919637 0.108876640898